Decimals: 4
Deviation: 	0.61302	0.10655200000000009	0.002040800000000065
Deviation: 	0.5711590308370043	0.3088590308370045	0.08435903083700458
Deviation: 	0.28173643171806084	0.07151156828193894	0.21454446828193818
Deviation: 	0.3427781938325989	0.05077819383259907	0.12901569383259925
Deviation: 	0.2879727312775344	0.34646473127753463	0.2926394312775349
Deviation: 	0.2918035682819369	0.21466443171806127	0.21892626828193684
AvgDeviation:	0.39807832599118925	0.18313832599118976	0.15692094875183563


Decimals:5
Deviation: 	0.612994	0.10665639999999998	0.0019192000000000098
Deviation: 	0.5709290308370045	0.30616903083700464	0.09251903083700475
Deviation: 	0.2814284317180613	0.0756406682819386	0.20133006828193833
Deviation: 	0.34227819383259916	0.04181069383259928	0.15985569383259968
Deviation: 	0.28858873127753437	0.35924863127753337	0.24757783127753363
Deviation: 	0.292579568281937	0.1955125317180606	0.14983266828193642
AvgDeviation:	0.39813299265785607	0.18083965932452273	0.14217241541850215

Difference 4 to 5: -5.466666666681386E-5	0.002298666666667032	0.01474853333333348


StdDeviation 5 decimals:
Deviation: 	0.37576164403600004	0.011375587660959996	3.6833286400000378E-6
Deviation: 	0.32595995825248125	0.0937394754436707	0.008559771067018634
Deviation: 	0.0792019621792875	0.005721510698138273	0.04053379639440995
Deviation: 	0.11715436197330632	0.0017481341187633552	0.025553842850701846
Deviation: 	0.08328345582037694	0.12905957907478113	0.06129478254008691
Deviation: 	0.08560280377604462	0.038225150058805654	0.022449828484484798
StdDeviation:	0.4619446256939238	0.23658801197656618	0.17798635041223929


StdDeviation 4 decimals:
Deviation: 	0.3757935204	0.011353328704000019	4.1648646400002645E-6
Deviation: 	0.326222638506666	0.0953939009295737	0.0071164460837586895
Deviation: 	0.07937541695722555	0.005113904398142416	0.04602932887037958
Deviation: 	0.11749689016713874	0.0025784249689010026	0.01664504925510699
Deviation: 	0.08292829395944305	0.12003781001921428	0.08563783673843907
Deviation: 	0.08514932246207099	0.04608081824483819	0.047928710943854584
StdDeviation:	0.46194503622239397	0.23687895105503554	0.2016737646577655


StdDeviation 4 decimals; 1 extra Value*
Deviation: 	0.3757935204	0.011353328704000019	4.1648646400002645E-6
Deviation: 	0.326222638506666	0.0953939009295737	0.0071164460837586895
Deviation: 	0.07937541695722555	0.005113904398142416	0.04602932887037958
Deviation: 	0.11749689016713874	0.0025784249689010026	0.01664504925510699
Deviation: 	0.08292829395944305	0.12003781001921428	0.08563783673843907
Deviation* 	0.30456954082793286	0.12171599413189768	0.2203276234566488
Deviation: 	0.08514932246207099	0.04608081824483819	0.047928710943854584
StdDeviation:	0.47811010295406453	0.25893183832705446	0.26573456688107266

StdDeviation 5 decimals; new Formula
Deviation: 	0.39787583907599994	1.4934795263999806E-4	9.272414764095984E-4
Deviation: 	0.6464626824286925	0.05574275236217294	0.07296969330093925
Deviation: 	0.34924368728730404	0.01640916633683149	0.012958768831671639
Deviation: 	0.7055633661142741	0.028053132520525218	0.016962638329996806
Deviation: 	0.10419420316345876	0.00109237066850852	0.0047486144619062086
Deviation: 	0.01991536417594859	0.02257034674959957	0.02164850405136226
Deviation: 	0.22619577065040547	0.8337555029480668	0.9428685216773145
Deviation: 	0.33695470848400005	1.2988705023999966E-4	1.4469807366399701E-5
Deviation: 	2.1424353570236603	1.0275293727552335	0.9095207155956335
Deviation: 	0.3592319265115013	0.004019863944869534	0.009930695893628787
Deviation: 	0.14797119955002364	0.1073581772638682	0.0972983657962133
StdDeviation:	0.737295334616005	0.45790937100615836	0.4571485786068291