7559
6227
6913
6749
7186
6848
6580
5885
5992
6297
6293
6952
6225
6470
6447
5745
6914
5982
6717
5910
6706
6924
6932
6822
6823
6857
6710
6636
6839
6892
6507
6099
5973
6880
6874
6989
6877
6973
6652
6414
6895
6778
6955
6871
6773
6722
6540
7054
7056
6615
6465
6853
6897
7011
6437
6041
6159
6243
6637
5743
6403
6675
6432
6084
5518
5625
5787
6113
6325
6658
6685
6461
5782
6577
6701
7407
6717
6939
6653
6754
6741
6745
7219
7000
6433
7789
6369
6519
6528
6540
6957
6052
6486
6425
6632
6511
6322
6254
6366
6388
6640
6382
5899
6085
6429
6671
6175
6175
6467
6292
6630
6546
6398
6714
7592
7264
7238
6642
6731
6667
6121
6475
6612
8613
6315
6593
6607
6264
6692
6801
6979
7267
6845
6857
6770
7191
6719
6213
7069
6533
6844
6720
6644
6809
6821
6282
6508
6078
5968
6049
6506
6804
6314
6624
6227
6253
6350
6380
6416
6161
5934
6095
6396
6518
6221
6490
6747
7627
7757
7293
6449
6586
6036
6283
6434
7309
6600
7398
7631
6601
6636
7138
6634
6767
6498
6388
6797
7674
6977
6595
6389
6346
7276
6778
6544
6975
6214
6080
6681
6793
6625
6656
6618
6694
6822
6690
6764
6428
6491
6306
6424
6230
6332
6589
6683
6790
6607
6109
7080
6664
6992
6699
7245
6644
6765
6528
6594
6427
6655
6287
6638
6619
6477
6466
6448
6455
6647
6641
6586
6438
6613
6390
6112
6322
6223
6506
6558
7368
7080
7421
6764
6331
6982
6737
6607
6335
6066
6017
6390
5944
6371
6716
6556
6591
6160
6305
6356
6766
6810
6892
6667
6888
6575
6530
5966
6595
6924
6468
6603
6793
6525
6967
6621
6292
6859
6504
6535
6076
6292
6461
5777
6998
6534
6562
6405
6375
6291
6620
6511
6561
6532
6563
6526
6516
6507
6216
6288
5960
5931
5889
6254
6357
5798
5840
5833
6096
6124
6294
6774
6552
6866
6519
6563
6382
6441
6854
6691
6327
6296
6773
6709
6614
6482
6646
6600
7074
7144
6394
7254
6935
7870
6988
7887
7525
7440
6751
6111
6460
6404
6506
6607
6506
6772
6543
6059
7579
6576
6407
6720
6509
7105
6711
7330
6400
6334
6638
7090
6867
6423
6995
6820
6299
6550
6792
7314
6618
7111
6359
6157
6374
6968
6710
6759
6876
6774
7180
6465
6699
6646
6418
6305
6340
6147
5756
6344
6472
6246
6004
6317
6578
6251
6127
6121
7006
6563
6305
7049
7286
6393
6483
6638
6385
6643
6979
6679
6120
6546
6571
6242
6363
6076
5689
6453
6835
6232
6762
6875
6477